9258
9261
9267
9268
9272
9275
9279
9280
9281
9283
9284
9291
9293
9295
9297
9299
9301
9302
9305
9310
9313
9314
9315
9316
9317
9318
9319
9321
9322
9323
9325
9327
9328
9330
9333
9337
9344
9351
9354
9355
9358
9361
9365
9368
9371
9375
9378
9383
9384
9387
9391
9395
9400
9402
9403
9404
9405
9407
9408
9411
9413
9414
9417
9419
9421
9423
9426
9430
9433
9435
9438
9440
9447
9453
9455
9460
9463
9465
9468
9470
9472
9473
9477
9479
9482
9483
9485
9487
9488
9489
9490
9491
9493
9495
9502
9503
9505
9507
9508
9509
9510
9511
9514
9515
9516
9517
9519
9521
9523
9525
9530
9531
9532
9534
9535
9536
9538
9540
9541
9542
9543
9544
9545
9546
9548
9549
9551
9552
9553
9555
9556
9557
9561
9562
9565
9568
9572
9579
9580
9581
9583
9586
9587
9588
9589
9590
9593
9595
9597
9598
9600
9601
9602
9603
9606
9612
9614
9615
9616
9620
9622
9624
9626
9627
9629
9630
9631
9634
9636
9638
9642
9643
9644
9646
9649
9651
9654
9657
9659
9660
9662
9664
9666
9668
9669
9672
9675
9678
9680
9683
9685
9689
9690
9691
9692
9693
9694
9695
9696
9700
9704
9707
9708
9711
9713
9715
9716
9718
9719
9720
9725
9728
9731
9733
9735
9736
9737
9739
9742
9744
9745
9749
9752
9755
9758
9760
9764
9767
9768
9769
9770
9771
9773
9777
9778
9783
9785
9788
9790
9791
9792
9793
9794
9796
9798
9801
9802
9805
9807
9809
9813
9814
9818
9823
9825
9826
9829
9833
9837
9838
9840
9843
9844
9848
9849
9852
9853
9858
9860
9861
9863
9864
9865
9870
9872
9873
9874
9875
9876
9877
9878
9879
9880
9883
9886
9887
9888
9891
9894
9897
9899
9901
9902
9904
9906
9909
9913
9915
9917
9923
9925
9927
9929
9930
9931
9938
9939
9940
9943
9945
9946
9947
9958
9962
9966
9970
9974
9978
9981
9983
9986
9988
9993
9994
9995
9997
9999
10002
10003
10004
10005
10006
10007
10009
10012
10013
10017
10018
10019
10020
10023
10026
10029
10030
10031
10032
10034
10036
10037
10038
10041
10042
10044
10047
10054
10055
10058
10060
10068
10070
10072
10073
10074
10075
10076
10077
10078
10081
10085
10087
10089
10090
10091
10092
10093
10094
10095
10096
10097
10098
10100
10101
10102
10103
10105
10108
10112
10113
10115
10116
10117
10118
10119
10120
10121
10122
10127
10129
10133
10137
10138
10140
10141
10143
10144
10146
10149
10152
10154
10157
10160
10163
10166
10169
10171
10172
10175
10177
10179
10181
10183
10185
10187
13125
13151
13266
13281
13456
13458
13459
13461
13462
13463
13514
13515
13557
13616
13628
27591
27596
27602
27604
27606
27608
27610
27611
27613
27614
27615
27616
27617
27619
27620
27622
27624
27626
27627
27629
27632
27634
27638
27642
27644
27646
27647
27654
27658
27660
27661
27663
27665
27667
27668
27670
27672
27674
27675
27679
27680
27681
27682
27683
27684
28737
29061
29064
29065
29067
29073
29076
29078
29080
29082
29084
29086
29088
29089
29091
29092
29094
29095
29096
29098
29099
29100
29101
29102
29104
29106
29107
29109
29111
29113
29115
29117
29119
29125
29126
29127
29129
29131
29137
29139
30520
30521
30522
30527
30528
30531
30532
30535
30538
30542
30543
30544
30547
30548
30549
30551
30552
30554
30557
30574
30576
30581
30582
30584
30586
30588
30589
30590
30591
30592
30594
30596
30598
30601
30602
30603
30608
30609
30611
30612
30618
30619
30621
30622
30624
30625
30627
30628
30629
30635
30637
30638
30640
30667
30668
30670
31869
32528
32529
32530
32531
32534
32536
32538
32542
32544
32545
32546
32549
32551
32553
32554
32556
32557
32558
32559
32560
33543
33544
33545
33546
33548
33552
33556
33559
33560
33562
34824
34825
34827
34828
34829
34830
34836
34837
34838
34839
34842
34844
34846
34854
34856
34858
34860
34861
34862
34865
34866
34869
34871
34873
34875
34880
34882
34884
34886
34888
34890
34892
34893
34894
34895
34897
34899
35531
35580
35658
35659
35660
35662
35663
35664
35665
35666
35668
35732
35736
35739
36223
36224
36225
36226
36227
36228
36229
36231
36236
36237
36238
36239
36240
36483
36721
36722
36723
36796
36797
36799
36800
36802
36803
37010
37011
37012
37014
37015
37017
37018
37019
37020
37022
37025
37027
37029
37030
37032
37035
37172
37173
37174
37176
37177
37179
37181
37182
37183
37185
37186
37187
37188
37189
37190
37191
37192
37193
37194
37293
37294
37295
37316
37347
37349
37435
37436
37438
37440
37441
37443
37445
37446
37548
37549
37550
37588
37589
37591
37696
37698
37699
37702
37736
37737
37751
37950
38241
38408
38409
38598
38600
38602
38604
38614
38616
38618
38620
38621
38623
38626
38629
38632
38665
38666
38668
38669
38670
38671
38672
38673
38674
38675
38677
38678
38679
38774
38775
38776
38841
38842
39030
39053
39082
39084
39086
39088
39089
39090
39097
39293
39304
39410
39411
39432
39442
39472
39582
39705
40151
40224
40225
40226
40227
40228
40229
40230
40233
40239
40240
40322
40843
41010
41199
41261
41264
41265
41268
41269
41270
41272
41426
41806
41807
41893
42059
42060
42061
42100
42147
42150
42151
42152
42254
42325
42346
42408
42409
42410
42411
42412
42413
42415
42416
42473
42520
42713
42715
42716
42717
42719
42720
42722
42725
42726
42727
42729
42731
42733
42827
42828
42829
42830
42831
42832
42834
43147
43179
43318
43320
43321
43323
43325
43327
43328
43329
43330
43332
43334
43346
43347
43777
43778
43780
44234
44239
44240
44241
44242
45466
45467
45468
45469
45470
45471
45472
45473
45474
45477
45479
45480
45482
45484
45486
45487
45488
45781
46122
46167
46219
46359
46360
46456
46842
46844
47177
47178
47180
47230
47665
47973
47974
48005
48006
48008
48009
48011
48012
48013
48014
48015
48017
48018
48083
48085
48086
48087
48089
48090
48139
48167
48418
48420
48422
48560
48669
48708
48723
48742
48744
48745
48747
48752
48784
48842
48850
48852
48868
48897
48898
48899
48900
48901
48902
48905
48988
49127
49271
49273
49440
49443
49445
50347
50353
50378
50379
50380
50722
50723
50724
50725
50862
50917
50918
50920
50921
50922
50923
50924
50925
50954
51010
51011
51012
51013
51014
51015
51016
51092
51154
51298
51300
51337
51338
51342
51346
51348
51373
52112
52113
52114
52116
52231
52232
52284
52407
52631
52808
52812
52814
52886
52907
53275
53277
53278
53279
54079
54080
54081
54082
54083
54084
54085
54087
54088
54089
54090
54091
54111
54131
54133
54135
54137
54180
54181
54292
54600
54601
54602
55040
55045
55047
55048
55050
55052
55054
55145
55147
55149
55150
55152
55156
55157
55310
55520
55782
56117
56194
56210
56211
56212
56213
56214
56216
56217
56219
56221
56225
56227
56229
56230
56232
56234
56236
56239
56242
56316
56317
56319
56321
56323
56639
56640
56798
57100
57101
57102
57103
57104
57105
57106
57175
57176
57374
57375
57377
57378
57486
57737
58057
58059
58060
58063
58065
58067
58069
58071
58073
58075
58076
58078
58079
58081
58082
58083
58085
58087
58710
59449
59450
59451
59452
59453
59455
59456
59460
59461
59462
59463
59464
59465
59467
59471
59472
59473
59474
59476
59477
59478
59479
59480
59482
59483
59485
59487
59489
59515
59517
59518
59519
59520
59523
59525
59527
59528
59529
59530
59531
59532
59533
59534
59536
59538
59540
59542
59544
59547
59552
59554
59555
59556
59896
59933
59934
59935
59936
59937
59938
59939
59940
59941
60556
60701
60702
60710
60711
60712
60742
60743
60744
60745
60746
60747
60870
60891
61085
61086
61087
61088
61089
61090
61091
61092
61093
61094
61095
61096
61097
61098
61152
61154
61155
61156
61157
61158
61159
61183
61276
61294
61376
61377
61378
61379
61382
61383
61384
61386
61387
61388
61394
61400
61403
61405
61406
61408
61410
61412
61452
61454
61455
61618
61621
61622
61837
61851
61852
61853
61862
61866
61867
61868
61869
61871
61872
61874
61877
61878
61880
61882
62272
62273
62274
62275
62276
62277
62279
62280
62281
62282
62283
62284
62285
62286
62287
62288
62289
62291
62293
62295
62296
62617
62618
62619
62620
62621
62691
62692
62693
62694
62698
62894
62895
62896
62897
62898
62899
62900
62901
62902
62903
62904
62905
62906
62971
62972
63109
63110
63111
63112
63113
63130
63143
63144
63221
63224
63225
63614
63615
63616
63618
63619
63620
63621
63631
63766
63767
63768
63769
63770
63771
63772
63773
63824
64008
64664
64676
64677
64678
64679
64680
64681
64682
64683
64717
65021
65382
65383
65606
65607
65608
65609
65610
65611
65612
65613
65614
65615
65616
65618
65621
65624
65626
65628
65629
65631
65632
65634
65694
66055
66062
66063
66265
66433
66434
66435
66436
66437
66440
66442
66444
66445
66446
67940
67941
68167
68168
68169
68408
68409
68411
68412
68413
68414
68415
68722
68723
68724
68725
68728
68730
68732
68734
68736
68737
68739
68741
68896
69045
69073
69074
69075
69076
69077
69079
69081
69083
69127
69158
69259
69260
69268
69270
69296
69297
69298
69299
69300
69301
69302
69303
69304
69305
69306
69307
69308
69311
70165
70166
70167
70168
70284
70341
70596
70610
70687
70699
70738
70814
70825
70830
70831
70927
70928
71003
71006
71111
71113
71115
71117
71119
71121
71162
71173
71384
71385
71386
71387
71422
71547
71802
71813
71854
71855
71858
71859
72004
72131
72278
72447
72448
72540
72541
72542
72543
72544
72545
72760
73109
73110
73334
73335
73336
73337
73815
73823
73858
73859
73861
73863
73865
74391
74392
74393
74394
74395
74479
74480
74533
74534
74535
74864
75566
75567
75568
75569
75570
75753
75754
75755
75756
76342
76717
76718
76720
76722
76772
76834
76835
76836
76837
77135
77149
77151
77214
77215
77216
77217
77218
77220
77221
77222
77223
77224
77227
77229
77231
77233
77235
77237
77240
77242
77243
77598
77911
77932
78255
78274
78275
78354
78449
78451
78452
78453
78454
78583
78584
78866
79202
79684
79689
79784
79805
79920
79921
79949
80419
80420
81572
81630
81631
81632
81634
81935
81936
81944
82123
82124
82125
82126
82127
82128
82174
82463
82464
82466
82467
82468
83281
83386
83527
83528
83529
83530
83535
83653
83752
83753
83755
83756
83757
83759
83761
83772
83773
83774
84074
84623
84648
84699
84700
84701
84702
84704
84758
84759
84760
84761
84762
84763
84764
84765
84766
84767
84768
84769
84770
85047
85517
85694
85699
85875
85952
85953
86327
86328
86329
86973
87288
87289
88029
88124
88125
88126
88127
88212
88450
88454
88868
88869
89094
89095
89096
89097
89098
89099
89100
89101
89102
89103
89104
89105
89106
89107
89108
89109
89110
89111
89112
89113
89115
89117
89119
89121
89122
89124
89126
89128
89130
89131
89132
89133
89136
89150
89246
89250
89252
89379
89398
89399
89457
89458
89462
89632
89672
89673
89809
90246
90247
90381
90382
90383
90384
90385
90386
90387
90388
90756
90757
90758
90759
90760
90761
90762
90763
90764
90765
90766
90767
90768
90769
90770
90772
91496
91500
91502
91798
91877
91878
91879
91880
91881
91950
92062
92243
92481
92483
92522
92537
92538
92649
92651
92865
92866
92867
92868
93157
93158
93159
93160
93161
93162
93163
93164
93165
93166
93167
93839
93840
93841
93842
94117
94178
94180
94182
94184
94186
94188
94190
94192
94194
94196
94197
94247
94248
94398
94435
94437
94439
94956
94961
94962
94963
95531
95532
95533
95534
95725
95726
95727
95912
97206
97207
97208
97209
97210
97211
97212
97213
97214
97215
97216
97217
97218
97219
97360
97363
97408
97409
97410
97411
98236
98314
98316
98318
98658
98661
98922
99487
99488
99490
99538
99539
99540
99823
99825
99826
99827
99829
99830
99831
99832
99833
99835
99836
99837
99839
99840
99841
99842
99843
99845
99846
99847
99848
99849
99850
99853
99854
99855
99856
99858
99859
99860
99861
99862
99863
99864
99865
99866
99867
99868
99869
99871
100181
100182
100183
100184
100207
100208
100209
100210
100211
100212
100224
100231
100306
100381
100382
100383
100384
100385
100388
100389
100390
100391
100392
100393
100475
100487
100488
100643
100644
100645
100754
100894
100895
100896
100897
100899
100900
100936
100937
100945
100947
100949
101278
101644
101645
101648
101649
101659
101665
101667
101669
101671
101673
101676
101841
101849
102108
102233
103582
103583
103584
103585
103586
103587
103588
103589
103590
103592
103594
103596
103598
103600
103776
104114
104298
105147
105148
105149
105150
105199
105255
105273
105295
105296
105297
105298
105299
105687
105689
106106
106109
106110
106112
106113
106114
106283
106343
106345
106350
106398
107264
107265
107266
107267
107268
107270
107272
107274
107276
107279
107281
107282
107283
107284
107285
107286
107287
107288
108082
108144
108145
108146
108149
108517
108582
108586
108587
108589
108590
108591
108848
108849
108852
108855
108858
109227
109228
109229
109294
109295
109296
109298
109335
109336
109337
109338
109339
109340
109473
109474
109475
109476
109477
109478
109479
109480
109481
109482
109483
109485
109676
109677
109678
109681
110931
110938
110940
110941
110942
110943
111173
111174
111428
111452
111837
111838
111839
111840
111841
112018
112019
112020
112021
112022
112046
112226
112261
112262
112503
112849
112850
112851
112852
112853
112854
112856
112857
112858
113116
113272
113275
113276
113277
113278
113357
114227
114229
114409
114413
114414
114415
116058
116960
117601
117602
117603
117604
117605
118643
118644
118647
118648
118649
118797
118798
118852
118853
118854
118855
118856
118858
118859
118861
118862
118864
118865
119562
119564
119565
119629
119630
119632
119633
119634
119638
119639
119640
119814
119816
119818
119909
120088
120734
120735
120736
120737
120739
120740
120741
120742
120743
121123
121561
121563
121564
121565
121566
121567
121568
121569
121570
121573
121575
121576
121578
121579
121581
121583
121585
121587
121589
122200
122201
122219
122220
122221
122222
122224
122225
122229
122230
122231
122232
122246
122248
122272
122273
122387
122388
122765
122953
123371
123784
123785
123786
123787
123788
123789
123790
123791
123792
123793
123794
123795
123796
123797
123799
123852
123853
123901
123933
123934
123940
123941
124745
124746
124747
124749
124750
124751
124752
124753
124756
124759
126064
126149
126150
126282
126286
126289
126292
126294
126295
126296
126298
126299
126301
126317
126318
126319
126320
126352
126404
126574
126576
126594
127459
127500
127501
127560
127582
128105
128106
128150
128151
128432
128983
129222
129223
129224
129225
129226
129227
129228
129229
129230
129231
129232
129233
129246
129247
129303
129304
129305
129306
129307
129308
129386
129430
129431
129432
129433
129434
129435
129436
129437
129438
129439
129441
129442
129801
130819
130820
130821
130822
130823
130824
130825
130827
130828
130829
130830
130831
130832
130833
130834
130835
130836
130837
130838
130839
130840
130841
130842
130843
130844
130898
130899
130900
130901
130902
131388
132108
132251
132254
132255
132256
132257
132258
132548
132609
132907
132908
134510
134600
134742
134743
134744
134745
134746
134747
134748
134907
134908
134909
134910
134911
134912
135160
135486
135583
135717
135827
135829
136086
136226
136416
137207
137710
137711
137712
137713
137714
138695
138696
138697
138699
138702
138705
138706
138707
138977
138978
138979
138980
138981
139309
139690
140016
140761
140762
140765
141457
141462
141463
141652
141653
141654
141655
141656
142640
142641
142885
143267
143281
143283
143286
143287
143288
143289
143291
143292
143300
143302
143320
143351
143352
143353
143354
143918
143942
144198
144199
144737
144738
144753
144754
144755
144756
144772
144773
144774
144775
144776
144777
144778
144785
145406
145407
145408
145409
145410
145411
145412
145413
145523
145524
145525
145526
146128
146129
146130
146132
146133
146134
146136
146137
146632
147328
147649
147650
148021
148033
148034
148035
148036
148037
148038
148039
148040
148041
148049
148050
148051
148052
148053
148061
148062
148063
148064
148065
148066
148067
148068
148069
148071
148072
148073
148074
148082
148086
148087
148088
148089
148090
148092
148093
148094
148310
148965
148967
148968
148969
148970
148971
148972
148973
148974
148975
148976
148977
148978
148979
148980
148981
148982
148983
149089
149090
150081
150082
150084
150086
150088
150090
150249
151028
151031
151525
152340
152341
152342
152343
153284
153285
153286
153287
153288
153291
153293
153295
153297
153298
153299
154956
154957
155035
155038
155039
155040
155041
155054
155306
155716
155915
155916
156197
156199
156200
156212
156370
156447
156448
157541
157543
157544
157668
157669
157961
157966
158318
158374
158375
158376
158747
159078
159318
159319
159320
159322
159324
159325
159326
159327
159328
159329
159330
159331
159332
159333
159334
159335
159337
159339
159856
159858
159859
160399
160400
160448
160451
160455
160456
160457
160595
160974
160977
161496
161598
161599
161631
161632
161633
161634
161635
161636
161637
161638
161639
161640
161642
161643
161644
161645
161646
161921
161927
161928
161930
161932
162168
162309
162310
162314
162630
162953
162954
162955
162956
163110
163696
163697
163861
164324
164384
164385
164517
164528
164531
164610
164611
164615
164648
164650
164651
164660
164752
164931
165202
165204
165828
166054
166293
167043
167044
167045
167130
167131
167725
167953
167954
168015
168239
168240
169034
169057
169058
169059
169060
169185
169413
169414
169415
169416
169756
169825
170207
170209
170210
170211
170214
170215
170216
170217
170218
170220
170221
170222
170224
170225
170226
170227
170228
170229
170230
170231
170232
170233
170234
170236
170496
170736
170737
170738
170740
171122
171945
172271
172273
172274
173902
173903
173935
173936
173987
173988
174598
174599
174883
174884
174885
175522
175523
175524
175525
175627
175808
175809
175810
175811
175813
176098
176108
176115
176117
176119
176496
176498
176501
176503
176505
176508
176509
176849
177159
177160
177161
177162
177163
177182
177183
177184
177185
178739
178740
178895
178896
179238
181537
181539
181541
181542
181543
182248
182249
182250
182251
182252
182253
182254
182256
182257
182668
182669
182670
182671
182673
182674
182675
182677
182680
182682
183327
183328
183514
183515
183555
183658
183659
183661
183721
183747
183749
183750
183752
184199
184257
184258
184259
184396
184456
185453
185454
185456
185457
185596
185953
186193
186445
186471
186472
186474
186476
186477
186478
186842
186990
186991
186998
187002
187003
187004
187005
187006
187007
187008
187009
187010
187011
187012
187013
187014
187015
187016
187017
187018
187019
187020
187021
187022
187268
187391
187398
187411
187985
188140
188536
188568
188569
188570
188571
188572
189058
189653
189654
189655
189736
189981
190117
190446
190448
190449
190450
190451
190452
190453
190455
190470
190471
190472
190473
190474
190504
190505
190506
190507
190508
190509
190511
190651
190652
190653
190654
190720
190799
190822
191034
191035
191382
191431
191607
191608
191816
191870
191871
191872
191873
192400
192401
192402
192403
192404
192405
192406
192407
192408
192409
192410
192603
192642
192724
192726
192855
192856
192857
192858
192859
192860
192862
192863
192864
192866
192867
192868
192869
192881
192883
192893
192959
193455
194539
196085
196086
196087
196088
196296
196297
196298
196387
196419
196630
196700
196701
196889
197773
197782
198114
198115
198627
198701
198702
200155
200929
200942
200943
200944
201717
202006
202257
202263
202266
202275
202457
202458
202792
203484
203680
203681
203684
203695
203696
203698
203824
204263
204265
204267
204747
205594
205595
205596
205597
205599
205649
205652
205654
205655
205656
207342
208089
208091
208364
208510
208969
208972
209424
209425
209426
209427
209428
209429
209855
209858
209863
209864
209866
209867
209868
209869
209871
209873
210166
210642
210643
210644
210646
210647
210648
210650
210652
210654
210726
210810
210823
210824
211011
211471
211472
211508
211636
211798
213498
213499
213500
213557
213657
214440
214441
214442
214443
214444
214445
214446
214447
214448
214449
214450
214451
214452
214455
214461
214464
214465
214466
214510
214511
214512
214513
214514
214933
214934
215636
216182
217708
217956
218778
218785
218786
218787
218789
218791
218793
218796
218799
218800
218805
218817
218820
218824
218825
218826
218834
218836
218838
218839
218840
218842
218844
219105
219107
220101
220337
220928
221086
221087
221088
221089
221090
221128
221155
221156
221157
221158
221159
221160
221272
221446
221579
221682
221694
221695
221696
221698
221699
221700
221701
221702
221912
221913
221914
221924
221981
222416
222863
223564
223565
223567
223568
223847
223998
224329
224400
224731
224732
224955
225042
225043
225044
225045
225176
225199
225365
225399
225400
225401
225402
225403
225404
225405
225728
225729
226546
226548
226549
226551
226555
226558
226563
226567
226571
226573
226575
226577
226678
226680
226681
226683
226685
226687
226692
226695
226697
226699
226811
226813
226815
226817
226819
226821
226822
226835
226841
226849
226855
226860
226865
226870
226872
226875
227087
227166
227167
227730
227738
227739
227858
227887
228256
228401
228609
229052
229053
229054
229288
230079
230081
230082
230084
230106
230112
230113
230151
230171
230172
230186
230187
230653
230741
230833
230844
231150
231151
231237
231416
231882
231953
232091
232336
232337
233182
233183
233765
233766
234626
234628
234629
234634
234638
234639
234670
234679
234683
234689
234690
234934
235200
235202
235203
235204
235207
235208
235209
235649
235650
235651
236272
236274
236275
236287
236288
236481
236487
236488
237658
237659
237984
237995
237998
238000
238002
238003
238004
238005
238006
238007
238008
238010
238011
238835
239728
240004
240219
240373
240584
240585
240587
240588
241099
241101
241102
241103
241142
241144
241146
241147
241151
241152
242126
242384
242524
242525
242598
242915
243066
243068
243069
243070
243214
243215
243217
244174
244175
244218
244255
244585
245787
246391
246392
246395
246436
246437
246438
246553
246814
246816
246822
246823
246881
246882
247998
247999
248000
248001
248002
248003
248004
248005
248006
248007
248008
248009
248010
248011
248012
248013
248014
248015
248016
248133
248254
248793
248794
248796
248799
248811
248813
249003
249006
249007
249008
249009
249010
249012
249014
249015
249017
249018
249019
249020
249021
249024
249028
249033
249034
249182
251093
251094
251274
251276
251277
251311
252603
253152
253247
253258
254704
254705
254706
254707
254708
254709
254710
255064
255217
255237
255365
255734
255735
255736
255737
255738
255739
255740
255741
255742
256042
256419
256420
256595
256803
257447
257448
257473
257693
257696
257697
257698
257700
257701
257702
257864
257879
257881
257882
257883
257884
258242
258771
258772
258773
258774
258843
258863
258864
258865
258867
258869
258889
258906
258909
258919
258920
258925
258927
258928
258929
258930
258931
258932
258933
258934
258935
258936
258937
258938
258939
258940
258941
258942
258943
258944
258945
258946
258947
258948
258949
258950
258951
258952
258953
258955
258957
258959
259021
259022
259023
259024
259025
259049
259050
259051
259052
259053
259054
260575
260821
261002
261731
261732
261734
261736
261737
261739
261740
261741
261754
261756
261758
262051
262110
262111
262468
262775
263448
263451
264759
265731
265733
266798
266836
268291
268751
268754
268755
268756
268758
268759
268760
268765
268767
268768
268769
268770
268771
268772
268773
268775
268937
269271
269632
269649
269650
269651
269652
269653
269654
269655
269657
269658
269772
270353
270499
270538
270540
270674
270675
270698
270735
270764
270766
270768
270769
270770
270771
270772
270774
270775
270776
270777
270778
270780
270782
270783
270785
270786
270925
271025
271260
271261
271461
271462
271463
271464
271465
271646
272114
272115
272118
272119
272120
272121
272214
272460
272619
272799
272803
273385
273789
273791
273792
273908
273910
273911
273912
273913
273914
273916
273917
273918
273920
273921
273922
274686
278198
278199
278200
278201
278713
279152
279181
279182
279183
279184
280160
280163
280755
280856
280973
280975
280976
282189
282190
282191
282341
282342
283491
283924
284439
284517
284518
284520
284521
284522
284669
284671
285280
285954
285955
286131
286419
286599
288025
288544
288697
288698
288699
288892
289486
289487
289488
289489
289490
289491
289492
290248
290249
290250
290562
290563
290564
290566
290568
290569
290570
290571
290591
290592
290597
290846
291050
291113
291114
291115
291259
291287
291299
291300
291301
291302
291354
292213
293818
294648
294649
294650
294653
294654
294655
294656
297005
297253
297284
297337
297338
297339
297387
298109
298110
298411
298412
298877
298880
298881
298882
298884
298885
298886
298887
298888
298889
298890
298892
298894
298896
298897
299624
300163
300627
300877
301146
301158
301482
302098
302395
302397
302400
302402
302404
302407
302408
302410
302411
302412
302413
302418
302710
302711
303307
303485
303588
303926
303927
303928
303930
304401
304409
304410
306042
306043
306044
306045
306046
306047
306048
306049
306050
306051
306052
306062
306063
306064
306435
306436
307105
307106
307107
307108
307109
309715
309716
309717
309720
309913
310261
310352
310402
310711
310712
310713
310714
310752
310932
310933
310934
311186
311220
311338
311557
311560
311562
312065
312066
312069
314585
315376
315377
315378
316112
316115
316116
316387
317981
317982
318598
319462
319463
319465
319466
319467
319523
319524
319525
319526
319529
319699
319811
319813
319815
319816
319817
319819
319829
320338
320341
320342
320343
320358
320359
320362
320430
320431
320468
320550
320551
320554
320555
320636
320637
321263
322020
322021
322022
322023
322025
322026
322027
322708
322709
322711
322712
323362
323367
323369
323370
323371
323373
323374
323375
323376
323377
323378
323379
323380
323381
323382
324671
324708
325172
326081
326083
326151
326576
326577
327374
327499
327500
327501
327502
327503
327504
327506
327507
327558
327559
327561
327948
327957
328362
328363
328364
328365
328699
328804
328961
328968
329382
329383
329620
329621
329622
329623
329624
329627
329629
329630
329631
329632
329634
329635
329636
329637
329863
329870
329871
329872
329888
329889
330464
330465
331036
331605
331606
331607
332176
332290
332291
332292
332293
332473
332474
332475
332661
332664
332665
332666
332668
332671
332673
332678
333388
333390
333391
333392
333744
334198
334199
334200
334201
336983
337210
337212
337221
337222
337224
337226
337228
337230
337452
337453
337582
337583
337584
337585
337587
338418
338419
338420
338729
339609
339612
339614
339999
340076
340180
341674
342090
342398
342399
342401
342585
342807
342860
342861
342862
343424
343908
344223
344224
344269
344270
344753
344906
346063
347513
347518
348153
348154
348155
348288
348295
348362
348608
349162
349693
349695
349696
349697
349701
349703
349704
349706
349707
349709
349710
349711
349713
349723
350805
350806
352468
352831
352832
354189
354190
354191
354743
356665
356666
357352
358128
358129
359030
359394
359807
360157
360158
360159
360160
360161
360163
360967
361450
361451
361452
361453
361454
361455
361456
361457
361674
362074
362335
362336
362823
362824
362825
362826
362872
363229
363230
363578
363579
363580
363602
364155
364245
364246
364256
364258
364774
365149
365610
366500
368737
369710
371035
371039
371400
371826
371827
372063
372064
372076
372077
372560
372561
372564
373030
373031
373032
373033
373387
373515
373516
373678
374419
375553
375554
375578
375579
376141
376555
376626
378042
378195
378196
378517
378670
378671
378672
378673
378674
378750
378754
379093
379504
379505
379532
379650
380177
380228
380359
382396
384633
384634
384635
384940
384941
384942
385035
385036
385037
385575
386447
386448
386771
386772
386773
386774
387911
387912
388736
389261
389262
389263
389264
389267
389268
389337
389470
390847
390848
391180
391902
392004
392005
392007
392318
392319
392506
392507
393600
393601
393702
394056
394588
395009
395025
395346
395347
395348
395839
397097
397330
397331
397332
397333
397343
397613
397614
397615
397616
397661
397748
397749
397750
397751
397752
398439
398451
398452
399178
399229
399230
399234
399315
399317
399782
399793
400052
400054
400184
400185
400405
400481
402239
402244
402423
402888
402889
403079
403080
404336
406788
406805
406806
406807
406808
406809
406810
406811
406812
406813
407171
407206
408722
408872
408873
409016
409017
409018
409020
409021
409022
409023
409024
409025
409027
409029
409030
409031
409032
409033
409036
409037
409038
409039
409040
409042
409046
409047
409048
409049
409050
409051
409052
409053
409054
409055
409056
409057
409058
409059
409060
409372
409373
409374
409608
409609
409885
410298
410299
410300
410301
410302
410303
410305
410306
410827
410828
410850
410851
410852
411108
411605
411606
411607
411608
411609
411610
411875
412088
412089
412090
412091
412092
412093
412094
412095
412096
412750
412751
412752
413234
413580
413581
413582
413807
414442
414443
414444
414451
414523
414524
415383
415707
415708
415757
415933
415977
415978
416366
416809
416810
418100
418655
418657
418659
418663
418664
419013
419130
419588
419612
420362
421001
423244
423449
423450
423565
423566
423607
423608
423609
423610
423611
424585
425032
425033
425181
425201
425245
425246
425934
427615
427616
428551
429566
430491
430492
430900
430913
431208
431209
431210
431211
431212
431213
431214
431215
431216
431218
431219
431220
431221
431222
431223
431224
431225
431226
431229
431230
431231
431232
431233
431234
431235
431236
431237
431238
431239
431240
432356
432357
433358
433359
433360
433365
433366
435255
435256
435406
435435
435436
435437
435438
435439
435440
435441
435442
435443
435444
435446
435447
435448
435449
435450
435451
435452
435453
435454
435455
435456
435457
435458
435459
435460
435461
435462
435463
435464
435465
435466
435467
435468
435469
435470
435471
435472
435473
435474
435476
435477
435478
435479
435480
435481
435482
435483
435484
435485
436903
436904
436908
438763
438766
439226
439323
439324
439325
439326
439328
439458
439461
440272
441215
441364
442103
442566
442568
442570
442572
442576
442578
442580
442581
442583
442584
442585
442586
442587
442588
442589
442590
442592
442594
442595
442596
442598
442600
442602
442603
442604
442605
442606
442607
442608
442609
442610
442611
442612
442613
442614
442615
442616
442617
442618
442619
442621
442622
442623
442625
442626
442659
442845
442846
442964
443227
443256
443911
444095
446353
446905
446907
446908
446910
447135
447795
448077
448084
449501
449596
450267
450944
450945
451894
452595
452596
452597
452641
452642
452644
452646
452650
452653
452654
452670
456472
456473
456970
456971
458171
458173
458289
458290
458291
458292
458293
458294
458295
458296
458313
458314
458316
458317
458318
458319
458320
458323
458324
458325
458326
458329
458416
458417
458418
458640
458641
458642
458643
458644
458645
458646
458857
458858
458859
458860
458861
458862
458863
458864
460101
460102
460136
460675
461398
461399
461400
461403
461404
461409
461410
461413
461414
461415
461416
461707
461708
461709
461710
462300
463207
463581
463801
463802
463803
463804
463805
463807
463808
463810
463811
465451
465454
465717
465718
465719
466157
466158
466159
466160
466161
466162
466163
466164
466165
466166
466207
468371
468912
469555
469556
469557
469768
469796
470139
470560
470561
470562
471727
472238
472295
472707
472709
472710
472711
472713
472760
472761
472762
472763
472764
473861
473865
473866
473867
473869
475185
475452
475618
475619
475773
475774
475978
476203
476259
476260
476284
476587
476588
476589
477815
478518
478558
478559
478560
478562
478564
478565
478592
478698
478826
479477
479479
479705
479706
479722
479723
479724
479725
480662
480977
480983
481312
481313
481314
481572
481573
481574
481705
481707
482537
482588
482974
483427
483428
483536
483691
483865
484371
484372
484373
484375
484902
484903
484905
485402
485403
485423
485424
485425
485426
485437
485438
485439
485440
486960
489448
490104
490301
490302
490303
490304
490306
490519
490583
491753
491754
491755
491852
491853
491861
491862
491863
491864
491865
491866
491870
491872
491874
491876
491878
491888
491889
492276
492277
492279
492522
494514
495297
495298
495299
495300
496431
496432
496433
496434
496435
496436
496437
496438
496439
496440
496441
496442
496443
496444
496445
496446
496447
496448
496449
496450
496451
496452
496453
496454
496455
496456
496457
496458
496459
496460
496461
496462
496463
496464
496465
496467
496469
496470
496471
496472
496473
496474
496475
496476
496477
496478
496479
496480
496481
496483
496484
496485
496486
496487
496488
496489
496490
496491
496492
496493
496494
497388
497749
498182
498184
498220
498355
498361
498590
499232
499546
501781
501791
502076
502077
502802
504098
504099
504100
504102
504288
504289
505845
505943
506887
507606
507607
507608
508668
508710
508712
508772
509027
509028
509029
509030
509031
509032
509033
509034
509035
509036
509037
509038
509039
509040
509041
509042
509045
509051
509052
509053
509054
509055
509057
509058
509059
509060
509850
510213
511736
511841
511842
511843
513396
515826
515827
515828
515995
516692
516693
516694
516695
516696
516697
516705
516710
516713
517012
517013
518689
518691
518692
519037
519038
519039
519040
519041
519445
519446
519447
519449
522446
522447
522528
522687
523745
523821
523822
523825
524134
525717
526407
526811
526812
526813
526814
526816
526818
526820
526821
526822
526885
527669
527686
530169
530170
530171
530172
530173
530175
530176
530178
530180
530181
530183
530184
530185
531817
531818
531819
531820
533184
535896
535897
537919
537920
537921
543559
544437
545503
545504
545505
548481
548482
548537
548538
548540
548542
548544
548546
548550
548867
548881
548882
549400
549403
549621
549622
549623
549624
549625
549626
551196
551455
551457
553233
554167
554455
555454
555705
555873
556300
556880
556881
556902
556919
556920
557290
559842
560240
560599
561074
561259
561552
561557
561558
561559
561569
561570
561571
561573
561742
563833
563924
563994
564181
565068
565069
565070
565071
565105
565117
565237
568165
568166
568167
568168
568169
568170
568171
568172
568173
568178
568393
568717
568927
568929
568996
570414
570415
572313
572371
573194
573195
573196
573197
573198
573592
574022
574060
574064
574065
574066
574072
574073
574075
574080
574081
575201
575525
575527
576342
576343
576344
576345
576346
577681
578340
579415
581158
582580
582893
582894
582895
582896
582897
582898
583359
584770
584771
584995
584996
584997
586238
586973
586975
587434
587652
589507
589508
589509
589510
589511
591933
591934
591935
591936
591937
591938
591944
591945
592573
592740
593543
594609
595220
595394
596256
596258
596260
596261
596271
596272
598488
598489
598490
598491
598492
598493
599854
608656
608657
608659
608660
608708
608709
611332
611780
614052
614053
614054
614071
620829
627478
630277
631201
631203
633645
633647
633648
633651
635071
635072
635075
635127
635128
637443
637857
638934
638936
638937
639525
641488
642591
643830
643831
643832
643833
643839
644236
644771
644772
644936
644965
644967
644969
644970
644971
644972
645309
645310
645311
645539
646525
647617
647618
647619
647620
647691
648049
648175
649471
649740
651581
652851
655476
655592
655593
656085
656087
656091
656109
656111
658221
658398
658399
658400
659130
659131
659500
659501
660297
661048
661127
662464
662561
662589
662655
662738
662898
662937
663697
663699
665113
666442
666514
666515
666516
666517
666518
666519
666915
670076
670077
670388
671854
672411
672787
673351
673354
673762
673884
678617
679017
679018
682059
682468
685446
685449
685570
685572
685729
685730
685731
685765
685766
685767
685768
685769
685770
685771
685772
685773
685774
685775
685777
685779
685780
685781
685783
685784
685785
685891
686334
686441
686678
686679
687455
691503
693431
693432
693658
693712
693984
694061
694474
694476
694477
694507
699038
699039
699040
700934
700935
700936
702266
703186
703559
703576
705079
710129
712048
712049
712050
712103
712816
713130
713925
715490
715491
715492
715502
716674
716675
716684
716685
716690
716691
716692
716693
716694
716695
716696
716697
716698
716879
717634
717895
717909
717914
717915
717916
717917
717918
717919
717920
717921
723804
723805
723880
741158
742503
742508
742587
742588
742590
742591
742592
742593
742904
743424
743425
743491
744863
745064
745233
745234
745240
745241
745243
745245
745247
745249
745250
745252
745254
745255
745256
747232
748910
749565
751922
751923
751924
752193
752194
752538
752754
752758
754351
756882
756884
757341
760193
765126
765879
767355
767356
767357
768346
768574
771787
795835
795836
795837
796024
796025
797420
797421
797422
797616
797723
797724
798060
798064
798067
798163
798166
798169
856705
856706
856707
857467
857470
857471
858498
858499
858503
858504
859894
859983
859984
861190
862699
862700
862701
863426
863427
863428
863429
863430
863431
864060
864465
864580
864581
864758
864764
865619
865620
866102
866533
866548
866549
866551
866552
866634
866639
867172
867173
867174
867175
867176
867188
867189
867190
867331
867332
867333
867334
867363
867366
867367
867370
867372
867376
867380
867382
867383
867814
867815
867816
867821
867822
867823
867825
867826
867827
867828
867829
867830
867831
867833
867834
867835
867836
867837
867838
867839
867840
867841
867842
867846
867847
867848
867849
867850
867851
867852
867853
867854
867855
867856
867857
867861
867862
867864
867875
867880
867881
867882
867883
867885
867886
867887
867888
867889
867890
867891
867892
867897
867898
868860
869067
869068
869316
869451
869459
870456
870457
870526
870527
870528
870961
871244
871245
872998
873066
873067
873068
873069
873070
873073
873083
876679
876680
876681
876682
876683
876684
876685
879281
879282
879283
879284
879285
879286
879287
879288
879289
879290
879291
879292
879293
881300
881650
881946
881947
881949
881950
881951
885256
885258
885259
885580
886582
886957
886958
886959
886960
886961
886963
886964
886965
886966
886967
886968
887056
887131
887137
887567
887798
887799
891573
902815
903567
905038
906840
907075
907741
907742
907743
907925
907926
907927
907928
907929
907930
909363
909367
909368
909369
910446
910940
912593
913014
913574
913575
913576
913577
913578
913846
915257
924707
926683
926684
926685
926686
926687
926688
926689
926694
927259
927574
927613
930276
930286
930289
932623
932750
932751
932752
932753
932754
932761
932762
932763
933072
938159
938162
938163
938164
940829
941652
941653
942008
943123
943244
943245
943246
944575
945042
946131
946209
946210
946981
946982
946983
946984
946985
947061
947062
948073
948698
948700
977876
977878
978106
979183
979565
980874
980875
980876
980894
981131
983522
983525
983527
983528
984615
986851
989145
989338
990092
990093
990119
992337
992409
994805
996586
997495
999320
999321
999462
999935
999937
999941
999942
999943
999952
999954
999958
999963
999964
1001553
1001554
1001556
1001563
1001576
1001577
1001578
1001579
1001580
1001581
1001821
1002001
1002343
1002344
1002346
1002347
1002348
1002349
1002350
1002351
1002352
1002354
1002693
1002694
1002695
1002696
1002698
1002699
1002700
1002701
1002702
1002703
1002704
1002705
1002707
1002708
1002709
1002710
1002711
1002713
1002717
1002718
1002719
1002721
1002722
1002723
1003178
1003209
1003212
1003213
1003214
1003215
1003216
1003217
1003218
1003219
1003220
1003221
1003222
1003224
1003225
1003226
1003227
1003228
1003229
1003230
1003231
1003236
1003295
1003296
1003297
1003832
1003851
1003852
1003853
1003854
1003855
1003857
1003879
1003880
1003881
1003882
1003883
1003884
1003885
1003886
1003887
1003888
1004017
1004697
1004919
1007658
1007692
1007693
1007694
1007695
1007696
1007697
1007698
1007699
1007952
1007953
1026956
1026957
1026966
1026967
1026969
1026970
1026971
1026972
1026973
1026974
1026976
1027716
1027983
1027985
1027994
1028753
1031270
1031272
1031277
1031279
1032363
1032364
1032365
1032366
1032367
1032368
1032369
1032370
1032371
1032372
1032373
1032374
1032375
1032376
1032377
1032378
1032379
1032381
1032382
1032383
1032384
1032385
1032386
1032387
1032388
1032389
1032390
1032391
1032392
1032393
1032394
1032395
1032396
1032397
1032399
1032400
1032401
1032402
1032403
1032404
1032405
1034335
1035795
1036333
1038732
1041112
1041113
1041115
1041408
1041411
1041413
1041415
1041416
1041417
1041418
1042121
1046090
1046091
1046092
1046094
1046095
1046096
1046097
1046099
1046100
1046101
1046102
1046103
1046851
1046852
1047088
1047176
1048687
1048688
1048917
1048918
1048919
1048920
1048921
1048922
1048923
1049051
1049777
1050200
1051665
1052165
1053984
1067779
1071967
1071968
1072560
1072561
1073271
1073286
1073806
1073807
1073808
1073809
1073810
1073811
1073812
1074490
1077283
1077885
1078246
1078247
1078248
1078249
1078250
1078251
1078408
1078801
1078802
1078804
1078817
1078820
1078825
1078826
1079039
1081694
1082180
1082187
1082190
1085635
1085636
1086039
1088028
1088030
1088033
1088058
1088059
1088090
1088129
1088130
1088131
1088686
1088704
1088705
1089816
1090577
1090578
1090579
1090580
1090581
1090582
1090583
1090584
1090586
1090587
1090804
1090893
1090896
1090913
1090914
1090915
1090916
1090917
1090918
1090919
1091058
1091059
1091060
1091509
1091510
1091512
1091513
1092446
1092587
1093791
1093792
1093793
1093794
1093795
1093797
1093798
1093799
1093800
1093801
1093802
1093929
1096280
1096448
1096449
1100084
1100085
1100086
1100834
1104753
1105487
1105488
1105489
1106473
1106474
1106961
1107017
1107018
1110706
1110707
1112861
1112913
1114792
1114793
1114794
1115701
1115866
1115867
1115868
1115870
1115884
1115885
1116255
1116256
1116257
1116258
1116352
1116353
1116354
1116355
1116356
1116357
1116358
1116359
1116360
1116468
1116469
1116470
1116478
1116479
1118393
1118394
1119526
1125842
1126382
1127376
1127377
1129002
1129003
1131342
1131379
1132650
1132651
1133290
1133291
1137048
1137049
1137321
1137433
1137434
1137435
1137444
1137473
1137474
1137476
1137480
1137481
1137482
1137483
1137484
1137488
1137489
1137490
1137491
1137494
1137495
1137505
1137506
1137507
1137508
1137509
1137511
1137512
1137513
1138428
1140587
1141936
1141938
1141939
1143719
1144881
1147105
1147106
1147682
1154687
1156403
1156415
1157041
1157042
1157628
1157642
1157643
1157644
1158136
1158137
1158277
1158279
1158280
1158281
1158282
1158283
1158284
1158921
1158966
1158968
1158970
1158972
1158973
1158974
1158978
1159185
1159789
1159790
1159791
1159882
1159883
1160806
1160807
1161940
1162376
1162377
1162378
1162379
1162380
1162392
1163663
1163723
1163725
1163729
1167227
1167678
1167679
1167681
1167682
1167684
1167882
1170369
1170581
1170582
1170810
1171130
1174664
1174666
1174668
1183062
1183837
1185514
1185641
1191211
1194073
1194074
1194295
1194332
1194333
1194334
1194335
1194336
1195082
1195382
1195383
1195384
1195385
1195386
1195387
1195667
1195668
1195669
1195671
1196400
1196402
1196403
1196405
1196406
1196408
1196409
1197750
1197766
1197850
1197851
1197856
1197857
1198222
1198224
1198398
1202162
1203030
1204301
1206715
1207988
1207989
1207990
1207991
1208728
1208729
1208730
1208731
1208733
1208734
1209081
1211276
1214281
1214775
1215360
1215600
1215604
1216344
1217594
1217595
1217596
1217597
1217598
1217600
1217601
1217602
1217603
1218238
1221214
1223622
1224817
1225531
1227109
1229624
1230374
1230391
1230393
1230481
1230482
1230840
1232899
1234366
1235482
1235483
1235508
1237365
1238368
1239423
1239424
1239425
1239426
1239427
1239428
1239429
1239430
1239434
1239835
1239839
1239840
1239842
1239993
1239994
1239995
1239996
1239997
1239998
1239999
1240000
1240001
1240002
1240105
1240106
1240107
1240108
1244562
1244808
1244809
1245032
1245033
1245034
1245035
1246547
1246553
1247382
1247383
1247384
1247458
1247459
1248327
1254423
1255300
1256861
1256863
1258722
1258724
1258729
1258730
1258732
1258733
1258734
1258735
1258736
1258737
1258738
1258739
1258741
1258742
1258743
1258744
1258745
1259814
1261106
1261107
1261108
1261110
1263311
1263312
1263326
1263327
1263727
1263752
1263754
1267183
1267393
1267394
1267572
1268271
1268277
1268362
1269259
1276134
1276262
1282260
1284215
1284216
1284774
1286219
1286220
1286221
1286222
1286223
1286224
1288886
1290433
1291037
1295174
1295334
1296574
1296576
1296577
1296578
1296579
1296581
1296582
1296583
1300117
1300119
1303000
1303335
1305941
1305945
1310123
1310124
1310125
1310230
1310238
1310239
1310240
1310241
1310242
1313323
1313324
1313325
1315222
1315223
1315337
1316008
1320375
1321242
1325297
1325300
1325461
1328070
1330375
1330376
1330377
1330380
1330381
1330387
1330388
1330389
1330390
1330538
1331069
1331094
1332043
1332047
1332048
1332049
1332050
1332053
1332054
1332055
1332056
1332057
1332270
1334825
1334826
1334827
1334828
1334829
1335632
1340034
1340036
1340169
1341016
1341606
1341607
1341608
1342385
1343853
1343854
1348296
1353427
1353429
1353526
1353927
1353928
1354218
1357419
1357733
1357734
1357735
1357736
1357737
1365274
1365920
1368311
1378068
1378275
1378279
1378280
1378281
1378282
1378286
1379158
1380313
1380314
1380339
1380342
1380868
1381355
1381466
1382559
1383418
1383892
1383893
1385376
1385377
1385986
1385987
1387079
1387096
1387127
1387132
1387314
1390221
1390222
1391498
1391529
1391530
1391532
1391533
1391534
1391745
1392492
1392495
1392504
1392509
1392512
1392539
1392542
1392549
1392550
1392551
1392554
1392620
1392765
1392766
1392776
1392784
1392785
1392803
1392804
1392813
1393934
1393935
1393936
1393937
1393938
1393939
1393940
1393941
1393942
1393943
1393944
1393945
1394148
1394729
1395794
1397287
1397288
1398189
1398217
1398410
1399576
1400528
1400551
1400552
1400553
1400554
1400558
1403448
1404342
1405177
1405178
1405180
1408241
1408244
1410044
1410045
1411634
1414670
1415658
1415659
1415660
1415661
1415662
1416335
1416742
1417237
1417601
1417602
1418021
1419108
1419257
1419712
1421425
1421426
1424209
1424282
1424780
1424781
1425170
1425345
1425346
1425347
1425348
1425349
1427027
1427028
1427121
1427130
1427132
1427133
1427134
1427139
1427143
1429989
1430417
1432851
1433299
1433719
1434095
1434703
1434704
1434706
1436004
1436297
1436298
1436926
1436927
1436928
1437471
1439716
1439718
1439719
1439720
1439721
1439722
1439751
1440123
1440124
1440125
1440126
1440127
1440128
1440129
1440135
1440136
1440137
1440138
1440139
1440140
1440141
1440142
1440143
1440144
1440145
1440146
1442609
1442610
1442611
1444284
1444285
1446311
1449541
1449913
1450232
1450748
1453873
1453878
1453881
1453882
1453894
1453895
1454009
1457256
1460501
1460720
1464779
1465659
1469497
1469965
1469966
1470801
1470802
1470804
1470993
1470994
1471367
1472258
1472360
1472668
1472669
1472670
1472672
1472950
1473542
1473544
1473560
1473561
1473562
1476079
1477526
1477902
1477904
1477905
1477906
1477907
1477908
1477909
1477910
1477911
1478022
1478023
1478024
1479094
1479154
1479606
1480181
1484054
1487601
1488248
1488330
1494609
1494610
1495464
1495469
1495872
1495874
1495876
1495877
1495878
1495879
1495904
1495906
1495907
1496126
1496128
1496129
1496130
1496131
1496132
1496133
1496134
1496135
1496138
1496684
1497433
1497437
1497438
1497440
1497546
1497547
1499496
1499497
1499506
1504290
1505192
1506268
1507424
1510182
1510183
1510184
1513475
1513477
1515608
1515642
1517484
1517485
1517486
1518605
1519588
1520771
1521023
1521024
1523449
1523450
1523451
1523452
1523453
1529884
1531488
1534979
1536425
1536426
1536428
1536768
1536794
1536849
1538293
1539135
1539854
1541160
1541202
1541203
1541204
1542469
1542494
1543301
1543302
1543303
1543365
1543366
1543402
1543403
1543405
1545439
1545497
1547579
1547595
1548216
1548217
1548219
1548221
1548708
1548709
1548710
1552295
1552296
1554458
1554503
1554504
1554505
1559503
1559511
1559512
1559513
1559514
1560093
1560552
1560619
1560631
1561161
1561164
1562034
1562755
1563122
1563127
1564266
1564267
1564268
1565733
1566867
1567021
1567507
1567509
1567510
1567511
1567513
1567517
1567520
1567522
1567524
1567525
1568924
1568925
1568970
1569974
1571109
1572694
1574122
1574125
1574408
1576793
1576794
1578729
1578730
1578732
1579015
1579530
1581555
1582057
1582105
1582106
1582107
1582108
1582109
1582115
1582141
1582142
1582143
1582146
1582325
1582479
1582480
1582481
1582482
1582483
1582484
1582485
1582486
1582487
1582499
1582501
1582502
1582503
1582504
1582505
1582506
1582507
1582508
1582509
1582510
1582511
1585245
1585906
1585997
1587529
1587537
1587538
1588033
1588034
1588035
1588036
1591311
1592215
1595887
1595964
1595965
1595966
1603850
1604307
1604308
1604309
1604776
1604870
1605415
1605417
1605932
1607694
1607695
1607757
1607767
1607771
1607772
1607863
1607956
1607957
1608482
1608534
1608535
1609091
1609901
1609904
1615796
1616038
1617949
1618156
1618199
1620828
1620830
1620831
1620832
1620834
1620835
1620836
1620837
1620838
1620839
1620840
1621113
1621114
1621115
1621116
1621117
1621118
1627869
1627870
1628727
1628728
1630327
1630328
1630329
1630330
1632277
1632278
1632279
1632280
1632281
1632282
1633780
1633781
1633875
1636722
1638930
1638931
1639871
1642406
1643390
1646110
1648428
1648429
1648445
1648459
1649339
1649340
1649341
1649342
1649343
1649344
1649345
1649346
1649347
1651967
1651969
1651970
1652691
1652694
1652696
1652698
1652699
1652700
1652701
1654710
1654737
1654794
1654929
1655426
1655504
1655506
1655507
1655508
1655510
1655513
1656233
1658523
1658661
1660243
1660244
1660245
1662287
1665529
1665534
1665535
1673613
1676171
1678938
1680128
1680147
1682416
1684325
1684326
1684337
1691930
1691931
1691932
1691933
1691934
1695229
1699535
1699682
1699683
1700840
1700841
1701144
1701145
1701393
1703869
1704005
1704528
1705790
1706216
1706217
1706218
1706337
1707807
1707946
1715694
1718143
1725219
1725220
1725221
1725224
1725225
1725226
1725227
1727179
1734079
1734080
1734923
1734924
1734929
1736616
1736624
1736625
1736627
1736628
1736629
1737902
1738044
1738046
1738047
1738048
1738049
1738050
1738051
1738052
1738053
1740719
1740720
1743010
1743234
1743238
1743239
1743240
1743241
1743243
1747270
1748106
1748264
1748265
1748400
1748402
1748406
1749061
1751532
1752043
1752044
1756213
1756214
1756215
1756217
1756218
1756219
1756220
1756611
1757955
1758208
1758231
1758237
1758238
1758239
1769195
1769916
1769917
1772166
1772167
1774222
1775245
1775246
1775273
1775274
1775600
1776481
1778002
1778600
1785600
1785602
1785723
1785724
1785725
1785726
1785727
1785728
1788295
1788385
1790025
1790028
1790040
1790046
1790047
1790048
1790049
1790050
1790054
1795319
1795471
1795474
1795476
1795550
1795551
1795558
1797092
1799708
1803804
1803806
1803807
1803808
1809404
1811496
1812036
1812037
1812038
1812042
1812110
1812310
1812330
1812332
1812819
1819352
1819355
1820331
1823747
1825697
1825730
1825906
1826171
1826176
1826177
1826178
1826918
1827141
1830327
1833834
1833835
1833836
1833840
1833841
1833842
1833843
1833844
1833845
1833846
1833847
1833848
1833849
1833850
1833851
1833853
1833854
1833855
1833856
1833869
1833870
1833875
1833876
1834481
1836949
1837108
1838143
1838144
1838145
1838146
1840579
1840580
1842462
1842464
1843719
1844112
1848985
1848987
1849040
1849957
1850281
1851208
1851651
1851652
1851653
1854742
1857021
1857771
1857772
1857773
1857774
1858672
1858673
1858676
1858677
1858678
1858679
1858680
1858681
1858682
1858683
1858684
1858685
1858686
1858687
1861701
1861702
1861704
1861705
1862648
1867110
1867111
1867112
1868287
1868289
1868297
1868303
1868304
1868320
1868482
1868624
1868625
1868626
1868627
1868922
1870831
1871414
1871418
1873076
1874132
1879032
1880912
1880988
1881634
1881635
1882412
1884717
1884718
1884719
1884720
1884721
1884722
1884723
1885588
1888227
1888229
1888230
1888232
1890045
1890046
1890048
1890050
1890051
1890058
1890061
1890064
1890065
1890066
1890067
1890068
1890198
1890199
1890204
1890209
1890211
1890213
1890223
1891227
1892625
1892626
1897726
1897792
1897803
1898386
1898387
1898388
1898389
1898393
1903316
1905273
1906352
1906353
1908284
1908665
1908666
1915120
1917017
1917141
1917142
1917191
1917492
1917522
1920185
1920288
1920291
1920292
1920293
1920528
1920657
1920703
1921178
1921798
1922215
1925245
1925246
1925725
1925726
1925727
1925728
1925729
1925730
1925731
1925732
1925733
1925734
1925735
1925736
1926305
1926540
1926541
1926542
1928619
1928620
1929041
1929042
1929043
1929044
1932377
1932780
1932781
1933056
1933931
1934190
1934191
1936103
1936104
1939644
1939661
1945625
1954391
1954392
1954393
1954394
1954395
1954396
1954397
1954398
1954399
1954400
1954401
1954402
1954403
1954404
1954405
1954406
1954407
1954408
1954409
1954410
1954411
1954412
1954413
1954414
1954415
1954416
1954417
1954418
1954419
1954420
1954421
1954422
1954423
1954424
1954425
1954426
1954427
1954428
1954429
1954430
1954431
1954432
1954433
1954434
1954435
1954436
1954437
1954438
1954439
1954440
1954441
1954442
1954443
1954444
1954445
1954446
1954447
1954448
1954449
1954450
1954451
1954452
1954453
1954454
1954455
1954456
1954457
1954458
1954459
1954460
1954461
1954462
1954463
1954464
1954465
1955400
1955401
1960321
1960649
1960652
1962298
1962321
1962322
1962323
1962395
1962396
1962397
1962398
1962399
1964257
1964258
1964259
1964285
1964313
1964314
1964315
1965252
1966371
1966372
1966380
1966381
1966382
1966383
1966384
1966385
1968511
1970152
1970158
1970184
1971490
1972514
1972515
1972516
1972582
1972583
1973246
1973247
1973248
1973249
1974205
1974206
1974207
1974208
1975613
1975654
1975655
1975656
1975657
1975658
1975659
1975660
1975661
1979847
1980583
1981332
1982945
1983337
1983338
1983451
1983724
1983725
1983726
1983743
1985241
1985242
1985287
1985288
1985289
1986507
1986508
1986509
1986510
1986511
1986512
1986513
1986514
1986515
1986516
1986517
1987007
1987367
1987368
2004349
2004946
2008792
2014508
2014509
2014926
2015597
2017590
2019457
2019461
2019462
2020087
2020372
2020373
2020374
2020906
2020961
2021950
2021985
2021987
2022012
2022013
2022395
2022396
2022397
2022398
2022399
2022400
2022401
2022402
2023128
2023160
2023161
2023226
2023227
2023228
2024399
2024400
2024401
2025600
2025601
2025911
2026214
2026898
2028299
2028300
2028301
2028302
2028303
2028304
2028305
2028306
2028307
2028308
2028309
2028310
2028311
2028312
2028313
2028314
2028315
2028316
2028317
2028318
2028319
2028557
2028558
2028560
2029311
2030024
2030025
2030026
2030027
2033314
2033315
2033316
2033317
2033318
2033319
2033320
2033321
2033401
2034202
2036764
2042645
2042646
2042647
2042648
2042649
2042650
2042651
2042652
2042654
2042658
2044291
2044292
2044293
2044294
2044295
2044296
2044297
2044298
2044299
2044889
2045283
2045284
2048657
2048989
2048990
2048991
2048992
2049285
2050024
2051901
2052900
2053027
2053720
2053721
2053722
2053724
2053725
2053726
2053727
2055140
2060315
2060316
2060317
2060320
2060321
2066581
2066582
2066583
2066584
2066585
2066586
2066587
2066588
2066589
2066590
2066591
2066592
2066593
2066594
2066595
2066596
2066597
2069573
2069576
2073145
2073147
2079260
2079261
2079783
2079784
2080586
2080854
2082262
2082263
2082264
2082265
2082266
2082267
2082268
2082269
2082270
2082384
2083004
2093325
2093326
2093327
2093328
2093329
2093330
2093331
2093332
2093334
2093339
2093340
2093341
2093835
2093836
2093837
2093838
2093839
2093840
2094004
2094005
2094006
2094007
2094008
2094179
2107260
2107261
2107262
2107263
2107264
2108403
2116674
2116675
2116676
2116735
2135401
2136035
2153457
2153458
2161707
2162857
2162858
2162859
2162860
2162861
2162862
2162863
2162864
2162865
2162866
2162900
2162903
2162904
2170357
2170358
2170372
2170373
2170374
2170375
2170709
2171663
2171666
2171710
2171711
2171712
2171713
2171715
2171769
2171770
2172887
2172888
2172889
2172890
2172891
2172930
2175806
2175847
2175849
2175850
2184227
2184228
2185265
2201223
2201738
2201739
2201740
2202746
2202747
2202750
2202751
2203464
2213112
2218597
2219190
2219191
2219192
2219193
2219194
2219195
2219196
2219197
2219198
2219199
2219200
2219202
2219203
2219204
2219210
2219211
2220035
2220036
2233522
2233961
2249212
2249740
2250430
2259375
2267219
2283273
2283274
2291615
2291616
2291617
2291618
2292397
2292398
2294179
2294180
2302993
2303640
2303641
2303642
2303643
2304070
2304086
2304088
2304487
2304488
2304489
2305271
2305272
2306880
2315958
2316163
2316664
2316665
2338489
2338490
2338491
2338492
2338493
2338494
2338495
2338496
2338497
2338498
2340997
2340998
2340999
2358194
2358195
2358211
2358212
2358213
2364279
2382073
2382074
2382075
2382076
2382077
2382078
2382079
2382080
2382081
2382082
2419796
2419854
2419855
2419856
2419857
2419858
2419859
2419860
2419861
2419862
2419863
2419864
2419865
2419866
2419867
2419868
2419869
2419870
2419871
2419872
2419873
2419874
2419875
2419876
2419877
2419878
2419879
2419880
2419881
2419882
2419883
2419884
2419885
2419886
2419887
2419888
2419889
2419890
2419891
2419892
2419893
2419894
2419895
2419896
2419897
2419898
2419899
2419900
2419901
2419902
2419903
2419904
2419905
2419906
2419907
2419908
2419909
2419910
2419911
2419912
2419913
2419914
2419915
2419916
2419917
2419918
2419919
2419920
2419921
2419922
2419923
2419924
2419925
2419926
2419927
2419928
2419929
2448059
2448060
2448639
2448640
2448641
2448642
2448643
2448644
2448646
2478449
2478450
2478451
2478452
2478453
2478454
2478455
2478456
2478457
2478458
2478459
2478460
2478461
2478462
2481077
2482672
2483760
2485929
2487712
2487713
2488670
2489498
2490931
2491053
2491054
2491181
2491182
2491732
2492405
2493643
2493644
2494515
2494516
2494721
2494722
2494724
2494725
2495590
2496211
2496212
2496213
2496214
2496215
2496216
2496217
2496218
2496219
2496220
2496221
2496222
2496223
2496224
2496225
2496226
2496227
2496228
2496229
2496230
2496231
2496232
2496234
2496235
2496236
2496237
2496238
2496239
2496240
2496241
2496242
2496243
2496244
2496245
2496246
2496247
2496248
2496249
2496250
2496251
2496252
2496253
2496254
2496255
2496256
2496257
2496258
2496259
2496260
2496261
2496262
2497118
2499806
2501383
2501648
2505932
2505933
2505934
2505935
2505936
2505955
2505956
2510767
2510964
2510965
2510966
2510967
2510968
2510969
2510970
2516277
2516278
2517234
2517235
2517236
2517237
2517870
2518367
2528446
2528447
2528448
2528449
2528450
2528451
2528452
2528453
2528454
2528455
2528591
2528592
2528711
2545426
2545941
2545942
2546656
2546657
2546658
2546659
2546660
2546661
2546662
2546663
2546665
2546666
2547254
2547255
2547256
2547257
2547258
2547259
2547260
2547261
2547262
2547910
2548467
2550877
2550878
2550879
2550880
2550881
2550882
2550883
2550884
2550885
2550886
2552944
2555616
2555677
2559805
2559806
2559807
2559809
2559810
2559811
2559812
2559813
2559814
2565305
2565306
2565374
2565385
2565387
2565826
2565827
2565828
2565829
2565830
2565831
2565832
2566028
2570194
2575425
2575426
2575427
2576014
2576039
2580526
2581134
2583309
2583311
2583312
2586748
2586749
2588392
2588393
2588394
2588395
2588668
2588810
2590039
2590040
2590532
2590533
2590534
2590535
2590970
2591149
2591150
2591151
2591152
2591154
2591155
2591156
2591157
2591158
2591159
2591160
2591161
2591163
2591164
2591165
2591166
2591167
2591168
2591169
2591170
2591171
2591172
2591342
2591764
2592600
2592601
2592602
2593116
2593117
2593118
2593119
2593120
2593121
2594271
2594313
2596716
2596765
2596766
2596767
2596768
2596769
2596770
2596771
2596772
2596773
2596774
2596775
2596776
2596777
2596778
2596779
2597257
2598438
2599286
2599287
2599288
2599451
2599793
2599796
2599797
2601206
2601207
2602584
2603181
2603182
2603183
2603184
2603185
2603186
2603187
2603188
2603786
2603853
2603854
2603855
2603859
2603860
2603861
2603862
2603863
2603864
2603865
2603866
2603867
2603869
2603870
2603871
2603872
2603873
2603874
2603875
2603876
2603877
2603878
2603879
2603880
2603881
2603882
2603883
2603884
2603950
2604415
2604417
2604442
2604443
2605939
2606243
2606483
2606484
2607027
2608640
2608641
2608642
2608643
2609097
2609098
2609099
2609100
2609101
2609102
2609103
2609104
2609105
2609106
2609107
2609108
2609109
2609110
2609111
2609112
2609113
2609114
2609115
2609116
2609117
2609118
2609119
2609120
2609121
2609122
2609123
2609124
2609125
2609126
2609127
2609128
2609129
2609130
2609131
2609448
2614690
2614833
2615124
2650809
2651324
2651915
2651916
2652759
2652948
2654748
2658581
2661589
2661590
2661591
2661593
2661594
2661595
2661596
2661597
2661598
2661599
2661691
2662125
2662407
2662408
2664340
2664494
2664495
2664497
2664933
2664934
2665947
2665949
2665951
2665953
2665958
2666180
2678253
2678870
2678872
2682738
2682740
2682742
2683044
2683849
2683850
2683851
2683852
2683853
2683856
2683857
2683930
2689141
2689142
2689143
2689144
2691960
2691961
2691962
2691963
2691964
2691965
2691966
2691967
2691968
2691969
2695248
2695249
2695250
2695251
2695252
2695253
2695255
2695256
2695257
2695258
2695259
2695260
2695261
2695262
2695263
2695399
2695400
2695401
2695852
2698659
2698750
2703642
2703643
2704120
2704125
2704455
2704457
2704458
2706466
2706467
2706468
2706469
2706470
2706543
2706544
2710923
2710924
2710925
2710926
2710927
2711317
2713460
2713461
2714119
2714909
2714910
2714911
2714912
2715189
2715852
2715935
2715936
2715937
2715946
2715948
2715949
2715950
2715951
2715952
2715953
2715954
2715955
2715956
2715957
2716167
2716320
2716321
2716765
2716766
2716767
2716768
2716769
2716770
2716773
2716774
2716776
2716778
2716780
2716781
2716902
2717393
2717975
2717976
2719028
2719125
2719126
2719127
2720086
2720563
2720888
2720889
2720890
2720893
2720894
2720895
2720897
2721785
2721786
2721787
2721788
2721789
2721791
2723031
2723032
2723033
2723912
2726995
2726996
2730346
2730347
2732664
2735142
2735143
2735144
2735145
2735188
2735189
2735190
2735191
2735198
2735199
2735201
2735202
2735203
2735204
2735205
2735206
2735207
2735208
2735209
2735210
2735992
2735993
2735994
2736752
2737873
2737874
2738915
2739836
2739837
2739838
2740394
2740395
2740528
2740663
2740664
2740720
2741458
2742318
2742319
2742320
2742321
2742324
2742327
2742328
2742329
2742330
2742331
2742332
2742335
2742336
2742337
2742338
2742339
2742340
2742341
2742342
2742343
2742344
2742345
2742346
2742347
2742348
2742349
2742350
2742351
2742352
2742353
2742354
2742355
2742356
2742357
2742358
2742359
2742360
2742361
2742362
2742363
2742364
2742365
2742366
2742367
2742368
2742369
2742370
2742371
2742372
2742373
2742374
2742375
2742376
2742377
2742378
2742379
2742380
2742381
2742382
2742383
2742384
2742385
2742386
2742387
2742388
2742389
2742390
2742391
2742392
2742393
2742394
2742395
2742396
2742397
2742398
2742399
2742400
2742401
2742402
2742403
2742404
2742405
2742406
2742407
2742408
2742409
2742410
2742411
2742412
2742413
2742916
2746145
2746660
2746887
2746888
2747325
2747326
2747327
2747328
2747329
2747330
2747331
2747336
2747338
2747339
2747340
2747553
2747556
2747557
2748932
2749091
2749092
2749093
2749094
2749095
2749096
2749097
2749098
2750696
2750742
2750743
2750744
2753605
2753606
2759234
2759914
2762481
2765886
2765887
2765888
2765889
2765890
2765891
2765892
2765893
2765894
2765895
2765896
2765897
2765898
2765899
2765900
2765901
2765902
2765903
2766929
2766943
2766944
2766945
2767338
2767847
2768032
2768132
2768144
2768345
2768844
2768845
2768846
2770593
2770594
2770979
2771405
2771494
2771495
2771496
2771497
2771498
2771499
2771500
2772418
2772419
2772522
2773073
2773612
2773613
2774392
2774393
2774394
2775351
2776190
2776191
2776192
2776654
2776655
2776656
2776657
2777778
2777779
2777780
2778562
2778564
2778565
2778567
2778568
2778569
2778571
2778572
2778573
2778574
2778576
2778578
2778579
2778581
2778582
2778583
2778584
2778585
2778648
2779813
2779815
2781042
2781043
2781044
2781045
2781046
2781047
2781048
2781600
2781602
2781603
2782709
2782710
2782729
2782730
2782731
2782733
2783555
2783556
2783901
2783997
2785029
2785030
2785031
2785032
2785033
2785034
2789417
2791018
2792018
2793980
2794209
2794210
2794849
2794850
2794851
2794852
2794853
2794854
2795612
2795614
2795615
2795616
2795617
2795618
2795619
2795620
2795621
2795622
2801412
2801413
2801414
2801415
2801416
2801417
2801418
2801419
2801420
2801421
2801422
2801423
2801424
2801425
2801427
2801428
2801429
2801430
2801431
2801432
2801433
2801434
2801481
2801923
2801924
2801925
2801926
2801927
2801928
2801929
2801930
2801931
2801932
2801933
2801934
2801935
2801936
2801937
2802072
2802073
2802074
2802075
2802076
2802077
2802078
2804059
2804060
2804061
2804062
2804203
2804329
2805706
2805936
2806439
2807334
2810476
2811914
2811915
2813654
2815728
2815729
2819239
2819240
2819241
2819242
2819243
2819878
2820807
2821396
2821397
2821398
2821399
2821400
2821401
2821402
2821768
2821769
2821770
2821771
2821772
2821773
2821774
2821775
2821776
2822462
2822522
2823130
2823132
2826950
2828481
2828482
2828495
2830904
2835217
2835450
2835451
2835452
2835453
2835454
2835455
2835456
2835457
2835458
2835459
2835460
2835461
2835462
2835463
2835464
2835465
2835466
2835467
2835468
2835469
2835470
2835471
2835472
2835473
2835474
2835475
2835476
2835477
2835478
2835479
2835480
2835481
2835482
2835483
2835484
2835485
2835486
2835487
2835488
2835489
2835490
2835491
2835492
2835493
2835494
2835495
2835496
2835497
2835498
2835499
2835500
2835501
2835502
2835503
2835504
2835505
2835506
2835507
2835508
2835509
2835510
2835511
2835512
2835513
2835514
2835515
2835516
2835517
2835518
2835519
2835520
2835521
2835522
2835523
2835524
2835525
2835526
2835527
2839071
2839072
2839073
2839074
2839075
2839076
2839077
2839078
2839079
2839080
2839081
2839867
2839868
2844896
2844897
2848121
2850156
2856836
2856837
2856838
2856839
2859851
2860346
2861926
2861927
2861928
2866649
2866652
2866653
2866654
2870493
2870494
2912600
2912622
2912623
2912624
